[AREA]
Y = 0.7
H = 0.2101851851851852
X = 0.175
W = 0.68125
